53.5802545847,-16.8380066695,0.0
53.4954424182,-16.8909868303,0.0
53.4106303805,-16.9439671925,0.0
53.3258183849,-16.9969478179,0.0
53.2410065846,-17.0499286184,0.0
53.1561949230,-17.1029096378,0.0
53.0713834042,-17.1558908820,0.0
52.9865720323,-17.2088723574,0.0
52.9017608120,-17.2618540706,0.0
52.8169497480,-17.3148360286,0.0
52.7321388451,-17.3678182387,0.0
52.6473281088,-17.4208007085,0.0
52.5625175446,-17.4737834460,0.0
52.4777071584,-17.5267664598,0.0
52.3928969565,-17.5797497587,0.0
52.3080871732,-17.6327332099,0.0
52.2232772022,-17.6857172064,0.0
52.1384674272,-17.7387015239,0.0
52.0536578553,-17.7916861738,0.0
51.9688484942,-17.8446711684,0.0
51.8840393523,-17.8976565209,0.0
51.7992304383,-17.9506422449,0.0
51.7144217616,-18.0036283553,0.0
51.6296133325,-18.0566148678,0.0
51.5448051617,-18.1096017993,0.0
51.4599972612,-18.1625891677,0.0
51.3751896435,-18.2155769924,0.0
51.2903823226,-18.2685652940,0.0
51.2055753136,-18.3215540950,0.0
51.1207686327,-18.3745434193,0.0
51.0359622981,-18.4275332930,0.0
50.9511563297,-18.4805237442,0.0
50.8663507492,-18.5335148035,0.0
50.7815455812,-18.5865065042,0.0
50.6967408528,-18.6394988824,0.0
50.6119365946,-18.6924919777,0.0
50.5271328411,-18.7454858338,0.0
50.4423296317,-18.7984804982,0.0
50.3575270114,-18.8514760236,0.0
50.2736384787,-18.9056943764,0.0
50.1986431523,-18.9718432570,0.0
50.1240150267,-19.0384057000,0.0
50.0497561212,-19.1053799019,0.0
49.9758687156,-19.1727638078,0.0
49.9023550775,-19.2405553507,0.0
49.8292174621,-19.3087524520,0.0
49.7564581121,-19.3773530211,0.0
49.6840792582,-19.4463549556,0.0
49.6120831182,-19.5157561413,0.0
49.5404718979,-19.5855544524,0.0
49.4692477905,-19.6557477514,0.0
49.3984129768,-19.7263338892,0.0
49.3279696251,-19.7973107053,0.0
49.2579200290,-19.8686758864,0.0
49.1882660654,-19.9404275201,0.0
49.1190090548,-20.0125642647,0.0
49.0501530002,-20.0850819505,0.0
48.9816990595,-20.1579793419,0.0
48.9136493268,-20.2312542086,0.0
48.8460058841,-20.3049043092,0.0
48.7787708005,-20.3789273906,0.0
48.7119461328,-20.4533211884,0.0
48.6455341243,-20.5280832017,0.0
48.5795365685,-20.6032114084,0.0
48.5139554900,-20.6787035052,0.0
48.4487929000,-20.7545571779,0.0
48.3840507963,-20.8307701020,0.0
48.3197311634,-20.9073399421,0.0
48.2558359723,-20.9842643527,0.0
48.1923671807,-21.0615409773,0.0
48.1293267326,-21.1391674495,0.0
48.0667165587,-21.2171413923,0.0
48.0045385759,-21.2954604185,0.0
47.9427946879,-21.3741221306,0.0
47.8814867845,-21.4531241210,0.0
47.8206167419,-21.5324639721,0.0
47.7601864228,-21.6121392562,0.0
47.7001977610,-21.6921474216,0.0
47.6406524295,-21.7724862369,0.0
47.5815515729,-21.8531541774,0.0
47.5228985101,-21.9341467130,0.0
47.4646942771,-22.0154623953,0.0
47.4069406542,-22.0970987369,0.0
47.3496396036,-22.1790529596,0.0
47.2927926506,-22.2613228774,0.0
47.2364015382,-22.3439059693,0.0
47.1804679949,-22.4267997052,0.0
47.1249937349,-22.5100015459,0.0
47.0699804581,-22.5935089428,0.0
47.0154298499,-22.6773193385,0.0
46.9613435812,-22.7614301663,0.0
46.9077233085,-22.8458388511,0.0
46.8545706738,-22.9305428083,0.0
46.8018873047,-23.0155394451,0.0
46.7496748139,-23.1008261596,0.0
46.6979347998,-23.1864003414,0.0
46.6466688460,-23.2722593715,0.0
46.5958785216,-23.3584006224,0.0
46.5455653808,-23.4448214582,0.0
46.4957309632,-23.5315192344,0.0
46.4463767936,-23.6184912985,0.0
46.3975043820,-23.7057349897,0.0
46.3491153645,-23.7932473821,0.0
46.3012109959,-23.8810262046,0.0
46.2537927792,-23.9690687077,0.0
46.2068609586,-24.0573744867,0.0
46.1604195925,-24.1459359013,0.0
46.1144687142,-24.2347528368,0.0
46.0690097312,-24.3238225737,0.0
46.0240440359,-24.4131423849,0.0
45.9795730053,-24.5027095359,0.0
45.9355980012,-24.5925212849,0.0
45.8921203702,-24.6825748827,0.0
45.8491414432,-24.7728675728,0.0
45.8066625360,-24.8633965917,0.0
45.7646849488,-24.9541591688,0.0
45.7232099666,-25.0451525264,0.0
45.6822388587,-25.1363738801,0.0
45.6417728790,-25.2278204385,0.0
45.6018132658,-25.3194894033,0.0
45.5623612418,-25.4113779699,0.0
45.5234180143,-25.5034833267,0.0
45.4849847748,-25.5958026558,0.0
45.4470626991,-25.6883331327,0.0
45.4096529474,-25.7810719267,0.0
45.3727566643,-25.8740162006,0.0
45.3363749785,-25.9671631113,0.0
45.3005090029,-26.0605098091,0.0
45.2651598347,-26.1540534388,0.0
45.2303286490,-26.2477908841,0.0
45.1960163755,-26.3417196398,0.0
45.1622240765,-26.4358368019,0.0
45.1289527973,-26.5301394631,0.0
45.0962035657,-26.6246247116,0.0
45.0639767170,-26.7192916342,0.0
45.0322746089,-26.8141333039,0.0
45.0010975106,-26.9091488595,0.0
44.9704463759,-27.0043353940,0.0
44.9403221428,-27.0996899953,0.0
44.9107257330,-27.1952097460,0.0
44.8816580519,-27.2908917240,0.0
44.8531199889,-27.3867330021,0.0
44.8251124170,-27.4827306483,0.0
44.7976361931,-27.5788817260,0.0
44.7706921577,-27.6751832937,0.0
44.7442811352,-27.7716324057,0.0
44.7184039334,-27.8682261114,0.0
44.6930613439,-27.9649614563,0.0
44.6682541420,-28.0618354811,0.0
44.6439830864,-28.1588452226,0.0
44.6202489197,-28.2559877135,0.0
44.5970523679,-28.3532599823,0.0
44.5743941404,-28.4506590535,0.0
44.5522749978,-28.5481816464,0.0
44.5306955302,-28.6458251511,0.0
44.5096564014,-28.7435865688,0.0
44.4891582584,-28.8414628981,0.0
44.4692017308,-28.9394511353,0.0
44.4497874315,-29.0375482746,0.0
44.4309159563,-29.1357513076,0.0
44.4125878841,-29.2340572238,0.0
44.3948037767,-29.3324630108,0.0
44.3775641791,-29.4309656536,0.0
44.3608694142,-29.5295633674,0.0
44.3447204411,-29.6282504785,0.0
44.3291175010,-29.7270254412,0.0
44.3140610732,-29.8258852255,0.0
44.2995516202,-29.9248267996,0.0
44.2855895871,-30.0238471305,0.0
44.2721754022,-30.1229431833,0.0
44.2593094769,-30.2221119220,0.0
44.2469922053,-30.3213503089,0.0
44.2352239648,-30.4206553053,0.0
44.2240051157,-30.5200238707,0.0
44.2133360015,-30.6194529636,0.0
44.2032169486,-30.7189395418,0.0
44.1936482666,-30.8184805624,0.0
44.1846302480,-30.9180729807,0.0
44.1761631688,-31.0177137506,0.0
44.1682472879,-31.1173998244,0.0
44.1608828474,-31.2171281530,0.0
44.1540700726,-31.3168956861,0.0
44.1478091718,-31.4166993720,0.0
44.1421003367,-31.5165361580,0.0
44.1369437417,-31.6164029903,0.0
44.1323395447,-31.7162968144,0.0
44.1282878864,-31.8162145745,0.0
44.1247888909,-31.9161532146,0.0
44.1218426650,-32.0161096776,0.0
44.1194492991,-32.1160809060,0.0
44.1176088661,-32.2160638419,0.0
44.1163214226,-32.3160554269,0.0
44.1155870045,-32.4160533045,0.0
44.1154056447,-32.5160530460,0.0
44.1157773421,-32.6160522635,0.0
44.1167020852,-32.7160478981,0.0
44.1181798458,-32.8160368912,0.0
44.1202105788,-32.9160161842,0.0
44.1227942221,-33.0159827187,0.0
44.1259306966,-33.1159334370,0.0
44.1296199064,-33.2158652817,0.0
44.1338617388,-33.3157751957,0.0
44.1386560640,-33.4156601231,0.0
44.1440027353,-33.5155170082,0.0
44.1499015892,-33.6153427965,0.0
44.1563524452,-33.7151344343,0.0
44.1633551061,-33.8148888689,0.0
44.1709093575,-33.9146030489,0.0
44.1790149684,-34.0142739239,0.0
44.1876716909,-34.1138984448,0.0
44.1968792600,-34.2134735642,0.0
44.2066373942,-34.3129962358,0.0
44.2169457947,-34.4124634153,0.0
44.2278041464,-34.5118720596,0.0
44.2392121168,-34.6112191279,0.0
44.2511693571,-34.7105015808,0.0
44.2636755013,-34.8097163812,0.0
44.2767301667,-34.9088604938,0.0
44.2903329540,-35.0079308857,0.0
44.3044834468,-35.1069245261,0.0
44.3191812123,-35.2058383864,0.0
44.3344258006,-35.3046694406,0.0
44.3502165953,-35.4034137440,0.0
44.3665534545,-35.5020703949,0.0
44.3834356914,-35.6006351849,0.0
44.4008627896,-35.6991050987,0.0
44.4188342158,-35.7974771238,0.0
44.4373494203,-35.8957482507,0.0
44.4564078366,-35.9939154730,0.0
44.4760088815,-36.0919757873,0.0
44.4961519555,-36.1899261938,0.0
44.5168364421,-36.2877636958,0.0
44.5380617086,-36.3854853000,0.0
44.5598271053,-36.4830880168,0.0
44.5821319664,-36.5805688601,0.0
44.6049756094,-36.6779248475,0.0
44.6283573352,-36.7751530006,0.0
44.6522764284,-36.8722503447,0.0
44.6767321569,-36.9692139092,0.0
44.7017237726,-37.0660407274,0.0
44.7272505105,-37.1627278370,0.0
44.7533115895,-37.2592722799,0.0
44.7799062121,-37.3556711022,0.0
44.8070335644,-37.4519213547,0.0
44.8346928161,-37.5480200924,0.0
44.8628831209,-37.6439643753,0.0
44.8916036158,-37.7397512679,0.0
44.9208534220,-37.8353778394,0.0
44.9506316442,-37.9308411642,0.0
44.9809373710,-38.0261383213,0.0
45.0117696749,-38.1212663950,0.0
45.0431276119,-38.2162224745,0.0
45.0750084408,-38.3109984059,0.0
45.1074147299,-38.4056018254,0.0
45.1403437328,-38.5000245733,0.0
45.1737944424,-38.5942637614,0.0
45.2077658356,-38.6883165072,0.0
45.2422568731,-38.7821799340,0.0
45.2772665000,-38.8758511707,0.0
45.3127936455,-38.9693273521,0.0
45.3488372228,-39.0626056190,0.0
45.3853961296,-39.1556831184,0.0
45.4224692476,-39.2485570032,0.0
45.4600554427,-39.3412244326,0.0
45.4981535654,-39.4336825723,0.0
45.5367624503,-39.5259285942,0.0
45.5758809166,-39.6179596767,0.0
45.6155077675,-39.7097730049,0.0
45.6556417912,-39.8013657704,0.0
45.6962817599,-39.8927351717,0.0
45.7374264307,-39.9838784140,0.0
45.7790745449,-40.0747927094,0.0
45.8212248288,-40.1654752773,0.0
45.8638759931,-40.2559233437,0.0
45.9070267331,-40.3461341423,0.0
45.9506757290,-40.4361049136,0.0
45.9948217927,-40.5258332024,0.0
46.0394634145,-40.6153159345,0.0
46.0845992277,-40.7045503720,0.0
46.1302278505,-40.7935337843,0.0
46.1763478861,-40.8822634487,0.0
46.2229579224,-40.9707366502,0.0
46.2700565326,-41.0589506816,0.0
46.3176422746,-41.1469028437,0.0
46.3657136914,-41.2345904449,0.0
46.4142685032,-41.3220093569,0.0
46.4633068740,-41.4091598752,0.0
46.5128264856,-41.4960378513,0.0
46.5628258234,-41.5826406277,0.0
46.6133033580,-41.6689655554,0.0
46.6642575454,-41.7550099942,0.0
46.7156868271,-41.840771312,0.0
46.7675896300,-41.9262468857,0.0
46.8199643666,-42.0114341008,0.0
46.8728094347,-42.0963303518,0.0
46.9261232182,-42.1809330417,0.0
46.9799040861,-42.2652395829,0.0
47.0341503935,-42.3492473966,0.0
47.0888604812,-42.4329539134,0.0
47.1440326758,-42.5163565727,0.0
47.1996652895,-42.5994528236,0.0
47.2557566209,-42.6822401244,0.0
47.3123049543,-42.7647159429,0.0
47.3693085599,-42.8468777562,0.0
47.4267656941,-42.9287230514,0.0
47.4846745996,-43.0102493249,0.0
47.5430335050,-43.0914540832,0.0
47.6018406254,-43.1723348424,0.0
47.6610941618,-43.2528891285,0.0
47.7207923021,-43.3331144777,0.0
47.7809332200,-43.4130084360,0.0
47.8415150762,-43.4925685598,0.0
47.9025360175,-43.5717924154,0.0
47.9639941775,-43.6506775796,0.0
48.0258876764,-43.7292216396,0.0
48.0882146209,-43.8074221930,0.0
48.1509731048,-43.8852768476,0.0
48.2141613942,-43.9627834491,0.0
48.2777773210,-44.0399393350,0.0
48.3418189367,-44.1167421443,0.0
48.4062842800,-44.1931895272,0.0
48.4750418775,-44.2656103013,0.0
48.5474456329,-44.3345863566,0.0
48.6198493882,-44.4035624120,0.0
48.6922531435,-44.4725384674,0.0
48.7646568988,-44.5415145228,0.0
48.8370606541,-44.6104905782,0.0
48.9094644094,-44.6794666336,0.0
48.9818681647,-44.7484426890,0.0
49.0542719200,-44.8174187444,0.0
49.1266756753,-44.8863947998,0.0
49.1990794306,-44.9553708552,0.0
49.2714831859,-45.0243469106,0.0
49.3438869412,-45.0933229660,0.0
49.4162906965,-45.1622990214,0.0
49.4886944518,-45.2312750768,0.0
49.5610982071,-45.3002511322,0.0
49.6335019624,-45.3692271876,0.0
49.7059057177,-45.4382032430,0.0
49.7783094730,-45.5071792984,0.0
49.8507132283,-45.5761553538,0.0
49.9231169836,-45.6451314092,0.0
49.9955207389,-45.7141074646,0.0
50.0679244942,-45.7830835200,0.0
50.1403282495,-45.8520595754,0.0
50.2127320048,-45.9210356308,0.0
50.2851357601,-45.9900116862,0.0
50.3575395153,-46.0589877416,0.0
50.4299432706,-46.1279637970,0.0
